Sample_idx1_idx2	BF-047	BF-047-b	BF-052	BF-052-b	BF-143	BF-143-b	BF-174	BF-174-b	BF-185	BF-185-b	BF-190	BF-190-b	BF-212	BF-212-b	BF-225	BF-225-b	BF-230	BF-230-b	BF-231	BF-231-b	BF-246	BF-246-b	BF-247	BF-247-b	BF-262	BF-262-b	BF-272	BF-272-b	BF-275	BF-275-b	BF-283	BF-283-b	BF-284	BF-284-b	BF-285	BF-285-b	BF-287	BF-287-b	BF-288	BF-288-b	BF-293	BF-293-b	BF-300	BF-300-b	BF-307	BF-307-b	BF-311	BF-311-b	BF-315	BF-315-b	BF-318	BF-318-b	BF-322	BF-322-b	BF-327	BF-327-b	BF-335	BF-335-b	BF-342	BF-342-b	BF-360	BF-360-b	BF-366	BF-366-b	BF-372	BF-372-b	BF-377	BF-377-b	BF-378	BF-378-b	BF-381	BF-381-b	BF-393	BF-393-b	BF-400	BF-400-b	BF-405	BF-405-b	BF-408	BF-408-b	BF-411	BF-411-b	BF-433	BF-433-b	BF-456	BF-456-b	
JG-T8QM-32-45	36	36	27	30	65	65	46	52	62	62	55	55	40	58	65	77	81	81	Unscorable	Unscorable	50	64	54	60	X	X	49	55	85	85	70	70	57	57	84	93	56	62	57	57	79	82	100	100	68	68	68	68	77	77	73	75	61	65	75	78	61	79	69	72	100	115	62	62	94	117	0	0	62	62	95	97	68	96	82	86	77	80	77	77	0	0	92	102	95	95
JG-T1M27a-19-48	32	36	33	36	69	98	46	46	53	68	51	51	46	61	65	71	48	60	84	86	70	86	54	63	0	0	43	79	59	91	62	62	57	65	39	39	50	50	69	69	46	70	68	74	54	60	76	76	77	77	57	63	Unscorable	Unscorable	63	96	52	64	81	87	76	97	0	0	0	0	89	91	62	63	71	91	70	70	88	94	65	71	77	89	74	90	95	116	102	125
JG-T1M27b-27-48	30	36	30	33	55	55	46	46	53	74	51	51	58	64	55	65	48	60	0	0	64	86	54	63	0	0	43	49	59	91	62	62	57	65	39	42	50	50	47	47	46	70	68	74	54	60	76	76	77	77	57	63	65	73	63	96	52	64	81	87	76	97	90	92	0	0	91	95	62	63	71	87	70	70	84	88	65	71	77	89	74	106	95	116	102	125
JG-T1M27c-1-47	32	36	30	33	55	55	46	46	53	68	51	51	46	64	55	65	48	60	84	86	64	86	54	63	91	91	49	55	91	91	62	62	57	65	39	42	50	50	47	47	46	91	68	74	54	60	74	76	77	77	57	63	65	73	63	96	52	73	81	87	76	97	0	0	0	0	91	95	62	63	71	87	70	70	84	88	65	71	77	89	74	106	95	116	125	125
JG-T1M27d-10-47	30	36	30	33	55	98	46	50	53	68	51	51	58	61	65	71	48	60	84	84	70	86	54	60	0	0	43	79	91	91	62	62	57	65	39	39	52	52	47	47	46	91	68	74	54	60	74	76	77	77	57	63	65	73	84	96	52	73	81	87	73	97	92	96	0	0	89	91	62	63	71	91	70	70	88	94	65	71	77	89	74	90	95	116	125	125
JG-T1M27e-19-47	32	36	33	36	55	55	46	50	53	68	51	51	46	64	55	65	48	60	Unscorable	Unscorable	64	86	54	60	0	0	43	49	59	91	62	62	57	65	39	42	50	50	69	69	46	70	68	74	54	60	74	76	77	77	57	63	67	73	84	96	52	64	81	87	73	97	96	100	0	0	89	89	62	63	71	87	70	70	84	88	65	71	77	89	74	106	95	116	125	125
JG-T1M27f-27-47	32	36	33	36	69	107	46	46	53	68	51	51	58	61	65	71	48	60	84	84	70	86	54	63	0	0	43	79	59	91	62	62	57	65	39	39	52	52	47	47	46	70	68	74	54	60	76	76	77	77	57	63	67	73	63	96	52	73	81	87	76	97	0	0	0	0	0	0	62	63	71	91	0	0	84	88	65	71	77	89	74	90	95	116	125	125
JG-T1M27g-1-46	32	36	33	36	55	55	46	50	53	74	51	51	58	61	65	71	48	60	84	86	64	86	54	63	91	91	43	79	91	91	62	62	57	65	39	39	52	52	69	69	46	70	68	74	54	60	76	76	77	77	57	63	67	73	63	96	52	64	81	87	76	97	0	0	0	0	89	91	62	63	71	91	70	70	84	88	65	71	77	89	74	90	95	116	125	125
JG-T1M27h-10-46	32	36	33	36	0	0	46	46	53	68	51	51	58	61	65	71	48	60	0	0	70	86	54	63	0	0	49	55	91	91	62	62	57	65	39	42	52	52	69	69	46	91	68	74	54	60	74	76	77	77	57	63	67	73	84	96	52	73	81	87	76	97	0	0	0	0	89	91	62	63	71	91	70	70	Unscorable	Unscorable	65	71	77	89	74	106	95	116	102	125
JG-T1M27i-19-46	30	36	30	33	67	69	46	46	53	68	51	51	58	61	65	71	48	60	84	86	70	86	54	63	0	0	49	55	77	91	62	62	57	65	39	42	50	50	47	47	46	91	68	74	54	60	74	76	77	77	57	63	65	73	63	96	52	64	81	87	76	97	92	98	0	0	0	0	62	63	71	91	70	70	Unscorable	Unscorable	65	71	77	89	74	106	95	116	102	125
JG-T1M27j-27-46	30	36	33	33	55	69	46	50	53	68	51	51	58	64	65	71	48	60	82	86	70	86	54	60	0	0	49	55	59	91	62	62	57	65	39	42	52	52	47	69	46	91	68	74	54	60	74	76	77	77	57	63	Unscorable	Unscorable	63	96	52	64	81	87	73	97	0	0	0	0	0	0	62	63	71	87	0	0	84	88	65	71	77	89	74	106	95	116	125	125
JG-T1M27k-2-48	30	36	30	33	69	104	46	50	53	68	51	51	58	64	65	71	48	60	84	86	70	86	54	60	91	94	43	79	91	91	62	62	57	65	39	39	50	50	47	47	46	91	68	74	54	60	76	76	77	77	57	63	65	73	84	96	52	73	81	87	73	97	0	0	0	0	91	95	62	63	71	87	70	70	88	94	65	71	77	89	74	90	95	116	125	125
JG-T1M27l-11-48	30	36	33	36	55	55	46	46	53	68	51	51	46	64	65	71	48	60	0	0	64	86	54	60	91	91	43	79	59	91	62	62	57	65	39	42	52	52	47	47	46	70	68	74	54	60	74	76	77	77	57	63	65	73	84	96	52	73	81	87	73	97	92	98	0	0	0	0	62	63	71	87	70	70	84	88	65	71	77	89	74	106	95	116	125	125
JG-T1M27m-20-48	32	36	33	36	55	55	46	50	53	68	51	51	58	61	55	65	48	60	84	84	64	86	54	60	0	0	43	79	91	91	62	62	57	65	39	39	52	52	47	47	46	70	68	74	54	60	76	76	77	77	57	63	65	73	84	96	52	73	81	87	73	97	Unscorable	Unscorable	0	0	91	95	62	63	71	91	70	70	84	88	65	71	77	89	74	90	95	116	125	125
JG-T1M27n-1-48	32	36	30	33	55	55	46	46	53	68	51	51	46	61	65	71	48	60	84	86	70	86	54	63	0	0	55	79	91	91	62	62	57	65	39	42	50	50	69	69	46	91	68	74	54	60	74	76	77	77	57	63	65	73	84	96	52	73	81	87	76	97	90	92	0	0	89	91	62	63	71	91	70	70	84	88	65	71	77	89	74	106	95	116	125	125
JG-T1M27o-5-48	32	36	33	36	0	0	46	46	53	68	51	51	46	64	65	71	48	60	84	84	70	86	54	60	91	91	43	79	77	91	62	62	57	65	39	42	50	50	69	69	46	70	68	74	54	60	76	76	77	77	57	63	65	73	84	96	52	64	81	87	73	97	92	98	0	0	91	95	62	63	71	87	70	70	88	94	65	71	77	89	74	106	95	116	102	125
JG-T1M27p-16-48	30	36	30	33	55	55	46	50	53	68	51	51	46	64	55	65	48	60	84	84	64	86	54	63	91	91	49	55	77	91	62	62	57	65	39	42	50	50	47	47	46	70	68	74	54	60	74	76	77	77	57	63	65	73	84	96	52	64	81	87	76	97	Unscorable	Unscorable	0	0	Unscorable	Unscorable	62	63	71	87	70	70	88	94	65	71	77	89	74	106	95	116	125	125
JG-T1M27q-24-48	0	0	30	33	0	0	0	0	0	0	0	0	0	0	0	0	0	0	0	0	0	0	0	0	0	0	0	0	0	0	0	0	0	0	0	0	0	0	0	0	0	0	0	0	0	0	0	0	0	0	0	0	0	0	0	0	0	0	0	0	0	0	0	0	X	X	X	X	0	0	0	0	0	0	0	0	0	0	0	0	0	0	X	X	0	0
JG-T1M27r-26-47	30	36	30	33	0	0	46	50	53	74	51	51	46	64	55	65	48	60	84	86	64	86	54	63	91	91	43	79	91	91	62	62	57	65	39	39	50	50	69	69	46	70	68	74	54	60	76	76	77	77	57	63	67	73	84	96	52	64	81	87	76	97	0	0	0	0	Unscorable	Unscorable	62	63	71	87	0	0	88	94	65	71	77	89	74	90	95	116	125	125
JG-T1M27s-19-45	30	36	33	36	69	98	46	46	53	68	51	51	58	64	65	71	Unscorable	Unscorable	Unscorable	Unscorable	70	86	54	63	0	0	43	79	91	91	62	62	57	65	39	42	50	50	47	47	46	91	68	74	54	60	76	76	77	77	57	63	0	0	84	96	52	64	81	87	76	97	0	0	0	0	89	91	62	63	71	87	70	249	94	94	65	71	77	89	74	106	0	0	102	125
JG-T1M27t-20-45	32	36	30	33	55	55	46	46	53	74	51	51	46	64	65	71	48	60	0	0	70	86	54	63	0	0	49	55	59	91	62	62	57	65	39	39	52	52	47	47	46	70	68	74	54	60	76	76	77	77	57	63	65	73	63	96	52	64	81	87	76	97	0	0	0	0	91	95	62	63	71	87	70	249	88	94	65	71	77	89	90	90	95	116	125	125
JG-T1M27u-21-45	30	36	30	33	67	69	46	46	53	68	51	51	46	64	65	71	48	60	0	0	70	86	54	63	0	0	49	55	59	91	62	62	57	65	39	42	50	50	47	47	46	70	68	74	54	60	74	76	77	77	57	63	Unscorable	Unscorable	63	96	52	64	81	87	76	97	Unscorable	Unscorable	0	0	89	91	62	63	71	87	0	0	84	88	65	71	77	89	74	106	95	116	125	125
JG-T1M27v-22-45	32	36	30	33	0	0	46	46	53	68	51	51	46	61	65	71	48	60	84	86	64	86	54	63	0	0	43	49	59	91	62	62	57	65	39	39	50	50	47	47	46	91	68	74	54	60	76	76	77	77	57	63	67	73	84	96	52	64	81	87	76	97	0	0	0	0	89	91	62	63	71	91	70	70	88	94	65	71	77	89	74	90	0	0	125	125
JG-T1M3M-10-48	36	36	33	33	Unscorable	Unscorable	46	46	68	74	51	51	46	58	65	65	48	48	82	86	86	86	60	63	0	0	49	79	89	91	62	62	65	65	39	39	50	52	0	0	46	46	68	68	54	54	76	76	77	77	63	63	73	73	96	96	52	52	81	81	73	76	0	0	0	0	89	95	62	62	71	71	70	70	88	88	65	65	77	77	74	74	95	95	125	125
JG-T2A14a-28-46	Unscorable	Unscorable	Unscorable	Unscorable	55	67	46	64	Unscorable	Unscorable	Unscorable	Unscorable	58	61	55	65	Unscorable	Unscorable	84	86	61	66	48	60	0	0	43	55	89	91	62	70	Unscorable	Unscorable	Unscorable	Unscorable	50	56	47	47	46	79	68	74	60	68	Unscorable	Unscorable	77	77	57	73	61	65	72	81	Unscorable	Unscorable	84	87	88	97	68	96	75	104	0	0	62	63	Unscorable	Unscorable	70	70	82	90	65	83	77	89	74	106	96	104	Unscorable	Unscorable
JG-T2A14b-3-48	30	42	27	30	51	98	46	64	56	62	49	55	58	64	55	65	60	84	0	0	50	70	48	60	88	91	43	55	85	89	62	62	53	59	42	90	56	56	47	47	79	91	74	74	60	68	68	82	71	71	57	57	61	65	63	72	58	64	78	84	88	97	62	62	75	75	0	0	62	63	87	97	70	70	84	90	65	83	77	77	Unscorable	Unscorable	89	116	101	102
JG-T2A14c-13-48	30	42	27	93	55	55	44	46	56	62	49	55	58	64	55	85	60	84	0	0	66	70	54	60	91	91	43	55	81	89	70	70	53	57	42	78	56	56	47	47	79	118	74	90	60	68	54	68	77	77	57	73	61	65	72	81	58	73	87	87	97	97	62	62	0	0	0	0	62	63	87	97	70	249	82	84	65	80	77	89	90	106	96	104	95	95
JG-T2A14d-21-48	30	42	27	93	55	55	44	46	53	62	51	55	58	64	55	65	60	84	0	0	50	61	54	60	0	0	43	55	59	85	70	70	53	57	42	90	56	56	47	47	79	91	74	90	60	68	68	82	77	77	57	73	61	65	63	63	58	73	78	87	88	97	68	98	0	0	97	99	61	62	87	97	68	68	90	90	71	80	77	77	106	108	96	104	95	101
JG-T2A14e-29-48	30	36	27	93	55	55	44	46	56	62	49	57	58	61	55	65	60	84	0	0	50	61	54	60	0	0	43	55	85	87	62	62	57	59	42	90	56	98	47	47	82	118	74	90	60	76	68	82	77	77	57	57	61	65	63	72	58	64	78	84	88	97	68	68	75	75	0	0	61	62	Unscorable	Unscorable	0	0	84	90	65	80	77	77	106	112	96	104	95	102
JG-T2A14f-3-47	30	42	27	30	51	55	44	46	53	56	49	55	58	61	55	65	60	84	84	86	50	70	54	60	0	0	43	55	79	89	62	70	57	57	42	90	56	56	47	47	79	118	74	90	60	68	68	82	77	77	57	73	61	65	72	81	58	64	87	87	88	97	62	62	0	0	0	0	61	62	79	95	70	249	82	90	71	80	77	89	106	112	89	104	95	102
JG-T2A14g-13-47	30	36	27	30	55	55	44	46	53	53	49	57	58	61	55	65	60	84	84	86	50	61	54	60	91	91	55	55	59	85	62	70	57	57	42	90	56	56	47	47	82	118	74	90	60	76	68	82	77	77	57	73	61	65	63	72	58	73	78	84	88	97	62	62	0	0	0	0	62	63	79	79	0	0	84	90	65	80	77	77	106	112	96	104	95	101
JG-T2A14h-21-47	30	42	27	30	0	0	46	64	53	56	51	55	58	61	55	85	60	84	0	0	66	70	54	60	0	0	43	55	85	87	70	70	53	57	42	78	56	56	47	47	79	91	74	74	60	68	54	68	71	71	57	73	61	65	63	63	58	73	87	87	97	97	62	98	0	0	0	0	61	62	79	97	0	0	90	90	71	83	77	89	90	106	96	104	101	102
JG-T2A14i-29-47	30	42	27	93	0	0	46	64	53	56	49	55	55	61	55	85	60	84	0	0	66	70	48	60	91	91	55	55	85	89	62	62	57	59	42	78	56	56	47	47	79	118	74	74	60	68	54	68	71	71	57	57	61	65	63	63	58	64	87	87	85	97	62	98	75	75	0	0	61	62	79	95	0	0	90	90	71	83	77	89	90	106	96	116	101	102
JG-T2A14j-25-45	30	42	27	30	0	0	44	46	53	53	51	55	58	61	55	65	60	84	0	0	61	66	54	60	0	0	43	55	59	81	62	70	57	57	42	78	56	56	47	47	79	91	74	90	60	68	68	82	77	77	57	73	61	65	81	81	58	64	78	84	97	97	68	68	75	75	0	0	61	62	79	97	70	70	82	90	65	80	77	77	90	106	96	104	95	102
JG-T2A14k-26-45	30	36	27	30	0	0	44	46	53	53	51	57	55	61	55	85	60	84	0	0	66	70	54	60	0	0	55	55	59	81	70	70	53	57	42	90	56	56	47	47	82	91	74	90	60	76	68	82	77	77	57	73	61	65	63	63	58	73	78	87	88	97	68	98	0	0	Unscorable	Unscorable	61	62	79	95	70	70	90	90	71	80	77	89	106	112	96	116	95	95
JG-T2M24a-11-47	30	36	27	93	55	55	46	64	53	53	49	57	55	61	Unscorable	Unscorable	60	84	84	86	50	70	48	60	91	91	55	55	59	81	62	62	57	59	42	90	56	56	47	47	82	118	74	74	60	76	68	82	77	77	57	57	61	65	63	63	58	64	87	87	85	88	62	62	75	117	101	103	61	62	79	95	68	68	90	90	71	80	77	89	106	112	96	104	101	102
JG-T2M24b-20-47	30	36	27	30	55	85	46	64	56	62	51	57	55	61	55	85	60	84	0	0	61	66	48	60	91	91	43	55	85	89	62	62	53	59	42	90	56	56	47	47	82	91	74	74	60	76	54	68	77	77	57	57	61	65	63	72	58	64	78	84	85	88	68	68	75	117	0	0	62	63	79	95	68	68	82	90	71	83	77	77	106	112	96	104	101	102
JG-T2M24c-28-47	30	36	27	30	51	51	46	64	53	53	51	55	55	61	55	65	60	84	0	0	50	61	54	60	0	0	43	55	59	85	62	62	57	59	42	90	56	56	47	47	79	91	74	74	60	76	68	82	77	77	57	57	61	65	72	81	58	73	84	87	88	97	68	68	0	0	0	0	62	63	79	95	68	249	84	90	65	83	77	77	106	112	89	116	95	101
JG-T2M24d-2-46	30	36	27	30	0	0	44	46	53	56	51	55	55	64	55	85	60	84	84	86	66	70	54	60	91	91	55	55	85	89	62	62	53	59	42	90	56	56	47	47	79	91	74	90	60	76	54	68	71	71	57	57	61	65	63	63	58	64	78	84	88	97	62	96	75	75	97	103	61	62	87	95	68	68	84	90	65	80	77	89	106	112	96	116	101	102
JG-T2M24e-11-46	30	42	27	93	51	51	46	64	56	62	49	57	58	61	55	65	60	84	0	0	61	66	48	60	88	91	43	55	85	89	62	70	57	57	42	78	56	56	47	47	82	118	74	74	60	68	68	82	71	71	57	73	61	65	81	81	58	64	78	87	97	97	62	62	75	75	0	0	61	62	79	97	70	249	90	90	71	83	77	77	90	106	89	116	101	102
JG-T2M24f-20-46	30	36	27	93	51	55	44	46	53	53	49	55	58	64	55	85	60	84	0	0	66	70	48	60	0	0	55	55	59	81	62	62	53	59	42	78	56	56	47	47	79	118	74	90	60	76	54	68	77	77	57	57	61	65	72	81	58	64	87	87	85	97	68	98	75	75	Unscorable	Unscorable	62	63	87	97	68	68	90	90	65	80	77	89	90	106	89	104	95	95
JG-T2M24g-23-45	30	36	27	30	51	51	44	46	53	53	49	55	58	61	55	85	60	84	0	0	50	70	48	60	0	0	55	55	59	81	62	62	57	59	42	78	56	56	47	47	79	118	74	90	60	76	54	68	77	77	57	57	61	65	72	81	58	73	87	87	85	97	68	68	117	117	0	0	62	63	79	95	70	70	82	90	65	80	77	89	90	106	89	116	95	102
JG-T2M24h-24-45	30	36	27	93	0	0	46	64	56	62	51	55	55	61	55	85	60	84	0	0	66	70	54	60	0	0	43	55	81	89	62	62	57	59	42	90	56	56	47	47	79	91	74	74	60	76	54	68	77	77	57	57	61	65	63	72	58	73	78	87	85	91	62	62	0	0	0	0	62	63	79	95	68	68	82	84	71	83	77	89	106	112	0	0	95	101
JG-T2PF-26-46	30	30	30	93	55	98	46	46	53	56	49	51	61	64	55	55	60	60	0	0	61	70	48	54	91	91	43	55	59	89	62	62	53	57	42	42	0	0	47	47	91	118	74	74	60	60	54	82	0	0	57	57	65	65	72	72	64	73	78	87	85	97	96	98	75	75	0	0	61	63	79	87	0	0	84	90	65	71	89	89	106	106	104	116	95	102
JG-T2PF-28-48	30	30	30	93	55	55	46	46	53	56	49	51	61	64	55	55	60	60	0	0	61	70	48	54	91	91	43	55	59	89	62	62	53	57	42	42	0	0	47	47	91	118	74	74	60	60	Unscorable	Unscorable	0	0	57	57	65	65	72	72	64	73	78	87	85	97	94	98	75	75	0	0	61	63	79	87	0	0	84	90	65	71	89	89	106	106	104	116	95	102
JG-T2QM-2-47	36	42	27	27	51	85	44	64	53	62	55	57	55	58	65	85	84	84	84	88	50	66	60	60	0	0	55	55	81	85	62	70	57	59	78	90	56	56	47	47	79	82	74	90	68	76	68	68	71	77	73	73	61	61	63	81	58	58	84	87	88	97	62	68	117	117	0	0	62	62	95	97	68	70	82	90	80	83	77	77	90	112	89	96	95	101
JG-T2QM-34-46	0	0	27	33	0	0	0	0	0	0	0	0	0	0	0	0	0	0	0	0	0	0	0	0	0	0	0	0	0	0	0	0	0	0	0	0	56	56	0	0	0	0	0	0	0	0	0	0	0	0	0	0	0	0	0	0	58	58	0	0	0	0	0	0	0	0	0	0	62	62	0	0	0	0	0	0	0	0	77	77	0	0	0	0	0	0
JG-T3M27a-4-48	30	42	27	30	51	55	44	46	56	62	51	57	55	64	55	85	60	84	82	86	61	66	54	60	91	91	43	55	85	89	62	70	57	57	42	90	56	56	47	47	82	91	74	90	60	68	54	68	77	77	57	73	61	65	63	63	58	73	87	87	88	97	68	96	0	0	0	0	61	62	87	95	70	70	90	90	65	80	77	77	Unscorable	Unscorable	89	104	95	102
JG-T3M27b-14-48	36	36	27	33	51	69	46	52	56	68	45	51	46	67	65	85	48	81	82	86	66	86	60	63	X	X	40	49	85	91	62	70	57	65	39	78	50	50	47	47	46	79	68	68	54	68	68	80	77	77	63	73	61	73	81	96	52	79	78	81	73	97	92	92	108	108	Unscorable	Unscorable	62	62	71	71	68	70	88	96	65	80	77	77	74	90	89	92	101	122
JG-T3M3Fa-3-46	36	36	33	33	55	55	42	46	62	74	51	51	58	58	65	65	42	48	Unscorable	Unscorable	86	86	60	63	X	X	49	49	91	91	62	62	57	65	39	39	50	52	0	0	46	46	68	68	54	54	76	76	77	77	63	63	73	73	87	96	52	52	81	90	82	82	60	60	0	0	Unscorable	Unscorable	62	62	71	71	70	70	88	88	65	65	77	77	74	74	89	95	122	125
JG-T3M3Fb-13-46	36	36	33	33	69	69	46	46	74	74	51	51	46	58	65	65	48	48	84	86	86	90	60	60	0	0	49	49	91	91	62	62	65	65	39	39	50	50	0	0	46	46	68	68	54	54	76	76	77	77	63	63	73	73	78	96	52	52	81	81	73	82	60	60	0	0	89	95	62	62	71	71	70	70	88	88	65	65	77	77	74	74	89	95	122	125
JG-T3M3Fc-21-46	36	36	33	33	55	69	46	46	62	68	51	51	46	46	65	65	42	48	84	86	86	86	60	63	X	X	49	49	89	91	62	62	65	65	39	39	50	50	0	0	46	103	68	68	54	54	76	80	77	77	63	63	73	75	96	96	52	52	81	90	73	76	90	100	0	0	95	95	62	62	71	71	70	70	88	88	65	65	77	77	74	74	92	95	122	125
JG-T3QM-29-46	36	36	27	33	47	51	42	52	56	62	45	51	55	67	55	85	63	81	84	84	66	72	54	60	0	0	Unscorable	Unscorable	85	91	62	70	57	59	Unscorable	Unscorable	50	62	47	47	70	79	Unscorable	Unscorable	68	76	68	76	77	77	73	73	61	61	81	81	79	79	63	78	97	100	68	68	104	108	0	0	62	62	83	105	68	70	96	96	Unscorable	Unscorable	77	77	90	90	89	96	101	122
JG-T4M10a-14-46	32	36	27	33	67	69	46	52	50	74	51	55	46	58	65	69	42	57	80	82	64	90	54	60	X	X	43	79	87	91	62	62	60	65	39	96	50	50	55	55	46	79	64	68	54	62	68	76	77	77	63	67	61	61	63	96	52	67	72	81	82	88	60	106	108	123	95	95	62	63	71	97	70	96	82	88	65	89	77	83	74	74	86	89	89	125
JG-T4M25a-14-47	36	36	27	27	65	67	46	52	47	56	45	55	40	58	69	85	48	81	78	82	50	78	51	54	X	X	43	49	109	111	62	70	60	63	42	51	54	58	55	55	79	79	74	90	62	72	68	68	71	77	67	67	65	65	63	69	61	64	72	75	82	103	102	106	104	104	97	97	63	72	95	97	70	96	82	86	74	83	71	71	112	114	95	116	80	89
JG-T4M25b-22-47	32	36	27	33	67	69	46	52	47	74	45	51	46	58	65	69	48	48	Unscorable	Unscorable	64	90	54	60	X	X	43	79	Unscorable	Unscorable	62	62	57	65	39	96	50	54	55	55	46	79	68	74	54	62	68	76	77	77	63	85	61	73	63	96	52	67	72	90	73	88	0	0	108	123	0	0	62	63	71	97	70	96	82	88	65	83	77	83	74	114	89	95	89	122
JG-T4M25c-30-47	36	36	27	33	65	69	46	52	47	74	45	51	40	46	65	85	42	48	82	86	50	86	54	60	X	X	43	49	91	111	62	62	57	65	39	96	50	54	55	55	46	79	68	74	54	62	68	76	77	77	63	85	61	73	81	96	52	61	72	81	73	88	68	100	108	123	Unscorable	Unscorable	62	62	71	97	0	0	82	88	65	83	77	77	74	114	86	89	89	125
JG-T4M25d-4-46	36	36	27	33	67	69	46	52	50	74	45	51	46	58	65	69	48	57	56	86	64	86	51	60	X	X	43	79	87	91	62	62	57	65	39	51	50	54	55	55	79	103	64	68	54	62	68	76	77	77	63	85	61	61	81	96	52	61	72	81	82	82	60	68	104	123	95	101	62	62	71	97	70	96	82	88	65	89	77	83	74	104	89	95	89	122
JG-T4M3M-4-47	36	36	33	33	69	69	46	46	74	74	51	51	46	58	65	65	42	48	82	86	86	90	60	60	X	X	49	79	91	91	62	62	65	65	39	39	50	50	0	0	46	103	68	68	54	54	76	76	77	77	63	63	73	73	96	96	52	52	81	90	73	82	60	100	123	123	89	95	62	62	71	71	70	70	88	88	65	65	77	77	74	74	89	89	122	125
JG-T4QFa-22-48	32	36	27	27	65	67	52	52	47	50	45	55	40	58	69	85	48	57	56	56	50	64	51	54	0	0	43	43	0	0	62	62	57	60	51	96	54	82	55	55	79	79	64	74	62	62	68	68	77	77	67	85	61	65	63	81	61	67	72	72	82	88	68	106	104	108	0	0	62	63	97	97	0	0	82	86	83	89	83	83	104	112	86	95	89	89
JG-T4QFb-30-48	32	36	27	33	47	65	46	52	62	62	45	51	40	67	55	65	81	84	82	84	64	72	54	54	X	X	43	55	57	85	62	70	57	60	66	84	50	62	47	47	79	79	66	66	58	68	68	68	74	77	73	85	61	65	63	81	79	79	63	63	100	103	62	62	104	108	0	0	62	62	95	105	0	0	86	96	80	89	0	0	104	104	96	104	95	101
JG-T5A14a-32-48	36	36	27	33	0	0	42	46	68	71	45	51	46	58	65	65	42	54	84	86	84	86	60	63	73	73	46	79	91	91	62	62	65	67	39	39	50	50	55	55	46	82	68	68	54	70	70	76	77	89	63	91	61	73	84	96	52	52	75	81	64	73	70	70	0	0	0	0	62	62	71	97	0	0	82	88	65	65	77	77	74	94	92	116	113	122
JG-T5A14b-6-47	36	36	33	33	55	55	42	46	68	71	51	59	40	46	65	69	48	54	62	62	84	90	51	63	73	73	49	49	91	91	62	62	65	67	39	66	50	50	55	55	46	46	68	68	54	70	70	76	77	89	63	91	61	73	84	96	52	52	75	81	64	76	70	96	117	123	89	91	62	62	71	95	70	70	86	88	65	65	77	77	74	74	92	116	95	122
JG-T5A14c-16-47	36	36	27	33	55	75	42	46	68	71	51	59	40	46	65	65	48	54	84	86	76	86	60	63	0	0	46	49	91	91	62	62	65	67	39	39	52	52	47	47	46	46	68	68	54	70	70	76	77	89	63	85	61	73	84	96	52	67	75	81	64	73	70	100	0	0	89	91	62	62	71	95	70	70	82	88	65	65	71	77	74	94	92	116	95	125
JG-T5A14d-24-47	36	36	33	33	0	0	42	46	62	71	51	59	40	46	65	65	48	54	84	86	74	90	60	63	0	0	46	49	91	91	62	62	65	67	39	39	50	52	47	47	46	46	68	68	54	70	70	76	77	89	63	63	61	73	84	96	52	67	81	84	64	73	0	0	0	0	0	0	62	62	71	95	70	70	82	88	65	65	71	77	74	94	92	116	95	125
JG-T5A14e-32-47	36	36	27	33	69	69	46	46	62	71	51	59	46	58	65	69	45	48	Unscorable	Unscorable	82	90	51	60	X	X	46	49	89	91	62	62	65	67	39	66	50	50	55	55	46	103	68	90	54	70	70	76	77	89	63	91	61	61	84	96	52	67	75	81	64	82	0	0	0	0	0	0	62	62	71	97	0	0	86	88	65	65	77	77	74	74	92	116	113	122
JG-T5A14f-6-46	36	36	33	33	55	75	42	46	68	71	45	51	40	46	65	69	48	54	84	86	76	90	60	63	73	73	49	49	91	91	62	62	65	67	39	39	50	50	55	55	46	82	68	68	54	70	70	76	77	77	Unscorable	Unscorable	61	73	84	96	52	67	75	81	64	76	70	70	0	0	89	91	62	62	71	97	0	0	86	88	65	65	71	77	74	94	92	116	95	125
JG-T5A14g-16-46	36	36	33	33	0	0	42	46	68	71	51	59	46	58	65	65	42	54	62	82	84	90	51	63	0	0	46	79	91	91	62	62	65	67	39	66	50	50	55	55	46	46	68	68	54	70	70	76	77	89	63	91	61	73	84	96	52	67	75	90	64	73	70	70	0	0	91	91	62	62	71	95	70	70	86	88	65	65	77	77	74	74	92	116	113	122
JG-T5A14h-24-46	36	36	27	33	0	0	42	46	68	71	51	59	40	58	65	65	48	54	0	0	0	0	60	60	0	0	49	49	Unscorable	Unscorable	62	62	65	67	39	39	50	50	55	55	46	46	Unscorable	Unscorable	54	70	0	0	77	77	63	85	61	61	84	96	52	52	81	84	64	73	Unscorable	Unscorable	0	0	0	0	62	62	71	95	0	0	82	88	65	65	71	77	74	94	95	116	125	125
JG-T5A14i-32-46	36	36	27	33	55	75	42	46	68	71	45	51	46	58	65	69	42	54	84	86	76	90	60	63	0	0	46	79	91	91	62	62	65	67	39	39	50	50	55	55	82	103	68	68	54	70	70	76	77	89	63	91	61	73	84	96	52	67	84	90	64	76	0	0	0	0	Unscorable	Unscorable	62	62	71	95	70	70	86	88	65	65	71	77	74	94	92	116	95	122
JG-T5A14j-7-48	36	36	27	33	0	0	46	46	62	71	51	59	40	46	65	69	42	45	62	86	84	90	51	63	73	73	46	49	91	91	62	62	65	67	39	66	52	52	55	55	46	46	68	68	54	70	70	76	77	89	Unscorable	Unscorable	61	73	84	96	52	67	75	81	64	73	70	94	0	0	91	91	62	62	71	95	70	70	82	88	65	65	77	77	74	74	92	116	113	125
JG-T5A14k-17-48	36	36	33	33	0	0	46	46	62	71	45	51	40	46	65	69	42	45	84	86	84	86	60	63	X	X	46	79	91	91	62	62	65	67	39	39	50	52	47	47	46	82	68	90	54	70	70	76	77	89	63	91	61	61	84	96	52	67	75	81	64	76	70	96	0	0	89	91	62	62	71	95	70	70	86	88	65	65	77	77	74	94	92	116	113	125
JG-T5A14l-25-48	36	36	33	33	55	55	42	46	68	71	51	59	46	58	65	69	48	54	84	86	76	90	60	63	73	73	46	79	91	91	62	62	65	67	39	39	50	52	47	47	46	103	68	68	54	70	70	76	77	89	63	85	61	73	84	96	52	52	84	90	64	76	70	98	0	0	91	91	62	62	71	95	70	70	82	88	65	65	71	77	74	94	92	116	95	125
JG-T5A14m-33-48	36	36	33	33	55	75	42	46	62	71	45	51	46	58	65	65	42	54	62	84	76	90	51	63	X	X	49	79	91	91	62	62	65	67	39	66	52	52	55	55	82	103	68	68	54	70	70	76	77	89	63	63	61	61	84	96	52	67	75	90	64	73	70	70	0	0	89	91	62	62	71	97	70	70	82	88	65	65	71	77	74	74	0	0	95	125
JG-T5M21a-31-48	36	36	27	33	75	75	42	46	62	71	45	51	40	46	65	69	42	54	62	86	76	86	51	63	73	73	49	79	91	91	62	62	65	67	39	66	50	50	55	55	46	82	68	68	54	70	70	76	77	77	63	91	61	73	84	96	52	67	84	90	64	73	0	0	0	0	89	91	62	62	71	95	0	0	86	88	65	65	71	77	74	74	92	116	113	122
JG-T5M21b-5-47	36	36	33	33	55	55	46	46	62	71	51	59	46	58	65	65	45	48	0	0	84	86	60	60	73	73	49	49	91	91	62	62	65	67	39	39	50	50	55	55	46	103	68	90	54	70	70	76	77	89	63	85	61	61	78	84	52	52	75	90	64	73	96	108	0	0	91	91	62	62	71	95	70	70	82	88	65	65	77	77	74	94	95	116	95	125
JG-T5M21c-15-47	36	36	27	33	55	75	46	46	68	71	51	59	46	58	65	65	42	45	84	86	84	90	60	63	X	X	49	49	91	91	62	62	65	67	39	39	50	52	55	55	46	46	68	90	54	70	70	76	77	77	63	85	61	73	84	96	52	52	75	81	64	73	70	96	117	119	89	91	62	62	71	71	70	70	86	88	65	65	77	77	74	94	92	116	113	122
JG-T5M21d-23-47	36	36	27	33	55	75	46	46	62	71	45	51	40	46	65	69	45	48	62	84	76	86	51	63	73	73	49	49	91	91	62	62	65	67	39	66	50	50	47	47	82	103	68	90	54	70	70	76	77	89	63	85	61	73	84	96	52	67	75	81	64	76	0	0	0	0	89	91	62	62	71	95	70	70	86	88	65	65	71	77	74	74	92	116	113	125
JG-T5M21e-31-47	36	36	33	33	55	75	42	46	68	71	51	59	40	46	65	69	48	54	62	62	76	90	51	63	73	73	49	49	91	91	62	62	65	67	39	66	50	52	47	47	46	46	68	68	54	70	70	76	77	89	63	91	61	73	84	96	52	52	84	90	64	76	70	100	117	123	91	91	62	62	71	95	70	70	86	88	65	65	71	77	74	74	92	116	95	125
JG-T5M21f-5-46	36	36	27	33	0	0	46	46	62	71	51	59	40	58	65	69	45	48	62	96	Unscorable	Unscorable	51	60	73	73	49	49	91	91	62	62	65	67	39	66	50	50	55	55	46	46	68	90	54	70	70	76	77	89	63	85	61	73	84	96	52	52	81	84	64	82	0	0	117	119	91	91	62	62	71	95	70	70	82	88	65	65	71	77	74	74	92	116	113	122
JG-T5M21g-15-46	36	36	27	33	0	0	46	46	62	71	51	59	46	58	65	69	45	48	84	86	76	90	60	63	73	73	49	79	91	91	62	62	65	67	39	39	50	52	55	55	46	103	68	90	54	70	70	76	77	89	63	91	61	73	84	96	52	52	75	90	64	73	70	70	123	123	89	91	62	62	71	97	70	70	82	88	65	65	71	77	74	94	92	116	113	125
JG-T5M21h-23-46	36	36	33	33	73	75	46	46	62	71	45	51	40	46	65	65	42	45	86	86	84	86	60	63	73	73	49	79	91	91	62	62	65	67	39	39	50	52	47	47	46	82	68	90	54	70	70	76	77	77	63	63	61	73	84	96	52	52	75	90	64	73	Unscorable	Unscorable	115	123	89	91	62	62	71	95	70	70	82	88	65	65	77	77	74	94	92	116	113	122
JG-T5M21i-31-46	36	36	27	33	75	75	42	46	62	71	45	51	46	58	65	65	48	54	86	86	84	86	60	63	73	73	46	79	91	91	62	62	65	67	39	39	52	52	55	55	46	82	68	68	54	70	70	76	77	89	63	91	61	73	84	96	52	52	81	84	64	73	70	100	0	0	89	91	62	62	71	95	70	70	82	88	65	65	77	77	74	94	92	116	95	125
JG-T5M21j-6-48	36	36	33	33	0	0	42	46	68	71	51	59	40	46	65	69	42	54	84	86	76	76	60	63	X	X	49	79	91	91	62	62	65	67	39	39	50	52	55	55	46	103	68	68	54	70	70	76	77	89	63	91	61	73	84	96	52	67	84	90	64	76	0	0	0	0	91	91	62	62	71	95	70	70	86	88	65	65	71	77	74	94	92	116	95	122
JG-T5M3a-23-48	36	36	33	33	55	107	46	46	62	71	45	51	40	46	65	65	45	48	84	86	76	86	60	63	73	73	46	79	91	91	62	62	65	67	39	39	52	52	55	55	82	103	68	90	54	70	70	76	77	77	63	85	61	73	84	96	52	67	81	84	64	73	70	96	123	123	91	91	62	62	71	95	70	70	82	88	65	65	71	77	74	94	92	116	113	125
JG-T5M3Fa-22-46	36	36	33	33	55	55	46	46	62	68	51	51	46	46	65	65	42	48	84	86	86	90	63	63	X	X	49	79	91	91	62	62	65	65	39	39	50	52	0	0	46	103	68	68	54	54	76	76	77	77	63	63	73	73	96	96	52	52	81	90	73	76	0	0	0	0	89	91	62	62	71	71	70	70	88	88	65	65	77	77	74	74	92	92	122	125
JG-T5M3Fb-30-46	36	36	27	33	55	69	46	46	Unscorable	Unscorable	51	51	46	58	65	69	48	57	82	86	50	90	60	60	0	0	Unscorable	Unscorable	91	91	62	62	57	65	39	39	Unscorable	Unscorable	47	55	Unscorable	Unscorable	68	74	54	62	68	76	77	77	63	63	61	73	63	96	52	52	81	90	Unscorable	Unscorable	Unscorable	Unscorable	0	0	0	0	62	62	71	97	0	0	88	88	65	65	77	77	74	74	89	92	89	125
JG-T5OM-15-48	0	0	27	33	Unscorable	Unscorable	42	46	71	71	45	59	40	58	65	69	45	54	62	86	76	84	51	60	73	73	46	49	91	91	62	62	67	67	39	66	50	52	47	55	46	82	68	90	70	70	70	70	77	89	85	91	61	61	84	84	52	67	75	84	64	64	70	70	0	0	91	91	62	62	95	97	70	70	82	86	65	65	71	77	94	94	116	116	95	113
JG-T6OM-33-47	36	36	27	33	0	0	42	46	71	71	51	69	40	55	63	65	93	93	48	62	76	82	51	51	73	73	46	46	91	91	62	62	67	67	39	39	50	50	0	0	46	67	68	72	54	62	70	80	77	89	83	85	65	73	78	78	52	52	75	87	64	88	72	72	96	96	89	91	62	62	95	95	0	0	88	88	92	92	71	77	74	94	83	116	95	113
JG-T6QFa-7-47	34	36	27	27	65	65	46	46	50	56	45	45	61	76	69	69	45	102	48	48	50	64	51	57	X	X	55	73	85	85	70	70	59	60	42	51	80	84	55	55	79	103	90	94	62	68	68	70	74	77	67	73	61	61	75	78	73	82	63	72	88	106	64	64	0	0	Unscorable	Unscorable	62	97	95	95	70	70	82	86	89	95	71	109	104	106	92	98	80	101
JG-T6QFb-17-47	0	0	0	0	0	0	0	0	0	0	0	0	0	0	0	0	0	0	0	0	0	0	0	0	0	0	0	0	0	0	0	0	0	0	0	0	0	0	0	0	0	0	0	0	0	0	0	0	0	0	0	0	0	0	0	0	0	0	0	0	0	0	0	0	0	0	0	0	0	0	0	0	0	0	0	0	0	0	0	0	0	0	0	0	0	0
JG-T6QFc-25-47	36	42	27	27	65	85	46	64	62	62	55	55	40	58	55	65	81	84	Unscorable	Unscorable	50	64	54	60	X	X	43	55	85	85	70	70	57	57	84	90	56	56	47	47	79	82	74	100	62	68	68	68	71	77	73	75	61	65	63	81	58	61	69	87	88	100	60	62	94	117	0	0	62	62	95	97	70	96	82	90	77	83	77	77	110	120	96	102	95	101
JG-T7M21a-8-47	36	36	33	33	59	77	46	46	71	71	51	69	40	40	65	65	45	45	48	62	76	82	51	51	73	73	46	46	91	91	62	62	67	67	39	39	50	50	71	71	67	82	68	90	62	74	70	80	77	86	85	91	61	61	78	84	52	67	78	87	64	88	70	72	Unscorable	Unscorable	91	91	62	62	95	95	70	70	88	88	65	92	71	77	74	94	83	116	113	113
JG-T7M21b-18-47	36	36	27	33	77	77	42	42	71	71	45	69	40	40	63	65	93	93	48	48	82	84	51	51	73	73	46	46	91	91	62	62	67	67	39	39	50	50	47	47	67	82	72	72	62	70	70	80	77	89	57	91	65	67	Unscorable	Unscorable	52	67	78	87	79	88	0	0	77	77	91	91	62	62	95	95	70	70	86	88	65	92	77	77	74	74	83	83	95	95
JG-T7M21d-34-47	0	0	33	33	77	77	42	42	71	71	51	69	40	55	0	0	45	93	48	62	76	78	51	51	0	0	46	46	0	0	62	62	67	67	39	39	50	50	47	47	46	67	72	72	54	70	70	70	77	89	85	85	61	73	78	78	52	67	75	78	64	79	70	72	77	96	0	0	62	62	0	0	0	0	88	88	65	92	71	77	74	94	0	0	95	95
JG-T7M21e-8-46	36	36	27	33	59	59	42	46	68	71	51	51	40	55	63	65	54	93	48	48	76	82	51	60	73	73	46	46	91	91	62	62	67	67	39	39	50	52	47	47	46	46	68	72	62	74	80	80	77	89	85	85	61	73	78	84	52	67	75	84	79	88	70	72	77	115	89	91	62	62	91	93	70	70	86	88	65	92	71	77	74	74	116	116	92	113
JG-T7M3a-33-46	36	36	27	33	59	107	42	46	68	71	45	69	55	55	63	63	54	93	48	86	76	82	51	60	73	73	46	46	91	91	62	62	67	67	39	39	50	50	55	55	46	67	68	72	62	74	80	80	77	89	57	85	61	65	78	84	52	52	75	84	79	88	70	72	96	117	83	91	62	62	0	0	70	70	86	88	65	92	71	77	74	74	116	119	92	113
JG-T7M3b-8-48	36	36	33	33	0	0	42	46	71	71	45	51	40	40	Unscorable	Unscorable	45	48	48	48	76	82	51	60	0	0	46	46	85	91	62	62	67	67	39	42	50	50	47	71	46	82	68	72	54	74	Unscorable	Unscorable	77	89	Unscorable	Unscorable	65	65	78	84	52	67	78	87	79	88	70	72	77	96	89	91	62	62	71	95	70	70	88	88	65	65	71	77	74	74	83	83	113	113
JG-T7M3c-18-48	36	36	27	27	59	77	42	42	71	71	45	69	40	55	65	65	93	93	48	62	76	84	51	51	73	73	46	46	91	91	62	62	67	67	39	39	50	50	71	71	67	82	72	72	62	70	70	80	86	89	85	85	65	73	78	78	52	67	78	87	79	88	70	100	77	96	83	91	62	62	91	91	70	70	86	88	65	92	71	77	74	74	83	116	113	113
JG-T7M3d-26-48	36	36	33	33	59	77	42	46	71	71	45	69	40	55	65	65	45	93	48	62	76	76	51	51	73	73	46	46	75	91	62	62	67	67	39	39	50	50	47	47	67	82	68	72	62	74	70	70	77	77	85	91	61	65	78	78	52	67	75	75	64	79	70	72	77	77	83	91	62	62	Unscorable	Unscorable	70	70	88	88	65	92	71	71	74	94	83	116	95	113
JG-T7M3e-34-48	0	0	27	33	0	0	42	42	71	71	0	0	0	0	0	0	0	0	0	0	0	0	0	0	0	0	46	46	0	0	0	0	67	67	0	0	50	50	0	0	46	46	0	0	0	0	70	70	0	0	0	0	0	0	0	0	0	0	0	0	0	0	0	0	0	0	0	0	0	0	0	0	0	0	0	0	0	0	0	0	0	0	0	0	0	0
JG-T7M3M-25-46	36	36	33	33	55	69	46	46	74	74	51	51	46	58	65	65	48	48	84	86	86	86	63	63	0	0	49	79	91	91	62	62	65	65	39	39	50	50	0	0	46	46	68	68	54	54	76	80	77	77	63	63	73	73	96	96	52	52	81	81	73	76	60	100	0	0	89	95	62	62	71	71	70	70	88	88	65	65	77	77	74	74	89	89	122	125
JG-T7OFa-7-46	0	0	27	33	77	77	42	46	71	71	45	51	40	40	65	65	45	93	48	62	76	84	51	51	X	X	46	46	75	91	62	62	67	67	39	39	50	50	47	71	46	82	72	72	70	74	70	70	77	86	Unscorable	Unscorable	61	65	78	84	67	67	75	78	64	79	70	100	77	77	Unscorable	Unscorable	62	62	95	111	70	70	86	88	65	65	71	77	74	94	83	83	95	113
JG-T7OFb-17-46	36	36	27	33	Unscorable	Unscorable	42	46	68	71	45	51	40	55	63	65	54	93	84	86	76	82	60	63	73	73	46	49	91	91	62	62	67	67	39	39	50	52	47	55	46	82	68	72	Unscorable	Unscorable	70	80	77	89	Unscorable	Unscorable	61	65	84	96	52	67	81	84	64	79	70	70	77	113	0	0	62	62	71	93	0	0	86	88	65	65	71	77	74	94	0	0	Unscorable	Unscorable
JG-T8A09a-33-45	0	0	27	33	59	77	42	46	50	71	51	69	40	55	63	65	45	93	82	86	82	86	57	57	0	0	46	49	91	91	62	62	67	67	39	69	50	50	0	0	46	67	72	72	70	74	70	70	77	86	83	85	65	65	78	78	52	67	78	87	79	79	70	70	0	0	83	83	62	62	91	95	70	70	82	86	74	92	77	77	74	74	83	83	95	95
JG-T8A09b-34-45	0	0	27	33	0	0	44	46	50	71	59	69	55	55	63	69	45	45	48	48	Unscorable	Unscorable	51	60	85	85	49	49	91	91	62	78	60	67	39	69	50	50	0	0	46	70	68	72	70	70	70	82	86	89	57	85	65	65	78	84	52	67	78	84	79	88	70	70	96	96	91	91	62	62	91	91	70	70	82	86	74	74	71	77	74	74	83	83	95	113
JG-T8OFa-18-46	36	36	33	33	59	107	42	46	50	71	51	69	55	55	63	63	45	93	48	48	Unscorable	Unscorable	51	57	85	88	49	49	75	91	62	78	60	67	39	69	50	50	0	0	46	70	72	72	62	70	70	82	77	86	57	85	65	65	78	78	52	67	78	84	79	88	70	72	115	117	83	91	62	62	89	91	70	70	82	82	74	92	77	77	74	74	83	83	95	95
JG-T8OFb-31-45	36	36	27	33	75	75	42	42	65	71	51	69	55	55	63	65	54	93	86	86	84	86	57	60	0	0	46	46	91	91	62	62	57	67	39	39	50	52	55	55	46	67	72	72	54	62	70	80	77	77	57	85	61	65	78	84	67	67	75	87	79	88	70	70	77	77	91	95	62	62	91	111	70	70	86	86	65	65	71	77	74	74	0	0	92	113
