Sample_idx1_idx2	BF-047	BF-047-b	BF-052	BF-052-b	BF-143	BF-143-b	BF-174	BF-174-b	BF-185	BF-185-b	BF-190	BF-190-b	BF-212	BF-212-b	BF-225	BF-225-b	BF-230	BF-230-b	BF-231	BF-231-b	BF-246	BF-246-b	BF-247	BF-247-b	BF-262	BF-262-b	BF-272	BF-272-b	BF-275	BF-275-b	BF-283	BF-283-b	BF-284	BF-284-b	BF-285	BF-285-b	BF-287	BF-287-b	BF-288	BF-288-b	BF-293	BF-293-b	BF-300	BF-300-b	BF-307	BF-307-b	BF-311	BF-311-b	BF-315	BF-315-b	BF-318	BF-318-b	BF-322	BF-322-b	BF-327	BF-327-b	BF-335	BF-335-b	BF-342	BF-342-b	BF-360	BF-360-b	BF-366	BF-366-b	BF-372	BF-372-b	BF-377	BF-377-b	BF-378	BF-378-b	BF-381	BF-381-b	BF-393	BF-393-b	BF-400	BF-400-b	BF-405	BF-405-b	BF-408	BF-408-b	BF-411	BF-411-b	BF-433	BF-433-b	BF-456	BF-456-b	
MLL-6K7W-1001-6-32	30	30	45	51	51	51	42	42	62	62	57	69	46	64	67	69	72	78	52	68	78	80	69	84	82	94	52	73	73	73	74	74	57	79	54	60	70	74	67	67	61	61	76	80	62	62	74	78	83	89	57	79	79	79	75	78	76	85	105	114	79	85	72	72	85	85	81	81	81	85	73	73	82	86	92	92	92	95	97	97	Unscorable	Unscorable	89	98	111	111
FLL-1B2B8G-0901-4-24	34	38	24	30	53	75	54	58	47	62	49	59	61	85	67	71	66	66	52	52	78	80	63	72	79	85	73	79	73	73	62	74	79	79	81	81	70	76	67	71	61	73	76	84	62	76	78	78	86	89	71	79	0	0	72	72	76	79	102	114	79	115	78	80	83	85	81	85	61	81	73	81	86	92	90	92	80	92	79	93	100	102	89	95	102	105
FLL-1B5G-0910-21-25	34	38	51	57	51	51	36	46	56	59	49	57	46	64	67	67	75	93	52	52	0	0	51	57	70	70	46	46	0	0	62	62	57	57	81	90	78	78	67	71	67	70	84	88	62	62	74	74	83	83	71	71	71	79	69	75	79	82	60	60	79	82	70	72	79	79	81	85	81	81	81	87	86	92	92	92	77	92	91	93	94	94	89	95	114	249
FLL-1B5G-2-0805-33-22	34	38	51	57	51	51	36	46	56	59	49	57	46	64	67	67	75	93	52	74	74	80	51	57	70	103	46	46	77	111	62	62	57	79	81	90	78	94	67	71	67	70	84	88	62	62	74	74	83	83	71	71	0	0	69	75	79	82	60	108	79	82	70	72	79	79	81	85	81	81	81	87	86	92	92	92	77	92	91	93	92	94	89	95	114	249
FLL-1B8G-0806-30-23	34	38	39	45	0	0	54	58	47	62	49	59	61	85	67	71	66	66	52	52	78	80	63	72	79	85	73	79	73	73	62	74	77	79	81	81	70	76	67	71	61	73	Unscorable	Unscorable	62	76	78	78	86	89	71	79	79	79	72	72	76	79	102	114	79	115	80	80	83	85	81	85	61	81	73	81	86	92	90	92	80	92	79	93	100	102	89	95	102	105
FLL-1G5Y-0806-33-23	34	34	30	45	51	51	42	42	59	65	59	59	64	64	65	71	66	72	52	68	62	80	63	66	70	88	52	52	71	73	62	74	71	73	81	102	70	72	67	67	67	67	76	80	62	76	78	78	74	89	77	77	67	81	72	75	64	79	96	108	70	103	70	72	79	79	79	81	61	83	73	73	86	92	82	92	95	95	93	93	98	100	89	98	99	102
FLL-1G5Y-0910-20-26	34	34	30	45	51	51	42	42	59	65	59	59	64	64	65	71	66	72	52	68	62	80	63	66	70	88	52	52	71	73	62	74	73	73	81	102	70	72	67	67	67	67	76	80	62	76	78	78	74	89	77	77	67	67	72	75	64	79	96	108	70	103	70	72	79	79	81	81	61	83	73	73	86	92	82	92	95	95	93	93	98	100	89	98	99	102
FLL-1G8B-0807-29-28	34	38	45	57	0	0	56	58	62	68	49	49	61	64	0	0	66	99	52	68	68	80	63	69	79	106	73	79	73	75	0	0	57	57	81	93	0	0	0	0	70	73	60	76	68	76	0	0	83	89	63	71	0	0	69	72	64	79	96	102	79	79	68	80	79	79	85	85	81	81	81	87	86	92	90	92	Unscorable	Unscorable	91	93	98	98	89	95	Unscorable	Unscorable
FLL-1G8G-0807-30-28	30	38	45	117	53	79	42	58	62	62	49	49	64	64	Unscorable	Unscorable	66	72	52	68	78	80	69	72	85	94	46	79	75	77	62	74	57	79	81	93	72	76	67	67	61	67	76	80	62	76	78	78	83	86	71	71	67	81	72	72	76	79	69	102	79	79	78	80	83	85	85	85	61	62	81	87	86	92	82	92	92	92	79	91	98	100	89	95	99	105
FLL-1K6Y-0807-17-28	34	34	39	48	77	77	42	46	62	62	45	59	61	64	61	67	60	90	68	70	72	86	54	63	82	85	73	79	71	73	84	84	57	73	81	93	76	82	47	67	61	67	76	80	74	74	74	78	68	80	57	71	67	67	78	90	82	85	63	99	82	85	68	80	79	81	79	81	61	81	73	87	0	0	82	92	92	95	91	93	98	100	92	104	99	102
FLL-1K6Y-0910-31-31	34	34	39	48	77	81	42	46	62	62	45	59	61	64	61	67	60	90	68	70	72	86	54	63	82	85	73	79	71	73	0	0	57	73	81	93	76	82	47	67	61	67	76	80	74	74	74	78	68	80	57	71	67	67	78	90	82	85	63	99	82	85	68	80	79	81	81	81	61	81	73	87	86	92	82	92	92	95	91	93	98	100	92	104	99	102
FLL-1O7P-0809-3-32	30	38	45	45	53	53	42	58	62	62	49	49	64	64	67	71	66	72	52	68	78	80	69	72	85	94	46	79	75	77	62	74	57	79	81	93	72	76	67	67	61	67	76	80	62	76	78	78	83	86	71	71	67	79	72	72	76	79	69	102	79	79	80	80	83	85	81	85	61	62	81	87	86	92	82	92	92	92	91	91	98	100	89	95	99	105
FLL-1V7B8K-13-18	38	38	27	48	51	51	36	46	56	59	49	57	46	61	67	67	93	96	64	74	Unscorable	Unscorable	51	66	97	103	52	79	71	77	62	74	57	73	84	90	78	78	67	67	61	70	82	88	76	76	74	78	74	83	63	77	79	79	72	72	79	82	102	105	67	82	68	82	79	85	77	85	61	81	81	83	86	92	92	92	80	89	91	93	94	98	92	95	114	123
FLL-1V8K-0812-25-21	38	38	27	48	51	51	36	46	56	59	49	57	46	61	67	67	0	0	64	74	74	80	51	66	0	0	52	79	71	77	62	74	57	73	X	X	X	X	X	X	X	X	X	X	X	X	X	X	X	X	X	X	X	X	0	0	79	82	102	105	67	82	68	82	79	85	77	85	61	81	81	83	86	92	92	92	80	89	91	93	94	98	92	95	114	123
FLL-1W8B-7-21	34	38	45	57	51	51	54	58	62	68	49	49	61	64	63	71	66	99	52	52	68	80	63	69	79	106	73	79	73	77	62	62	57	57	81	93	76	88	67	71	70	73	60	76	68	76	74	78	83	89	63	71	71	79	69	72	64	79	96	102	79	79	68	68	79	79	85	85	81	81	81	87	86	92	90	92	77	92	91	93	98	98	89	95	105	123
FLL-1Y8Y-0812-16-21	34	34	45	57	0	0	46	46	56	59	49	57	46	46	65	67	66	75	52	52	72	80	54	57	88	103	46	76	77	77	62	62	57	79	69	90	0	0	67	75	70	70	68	84	62	62	74	74	83	86	71	71	Unscorable	Unscorable	72	75	79	100	60	99	70	82	70	72	79	96	85	93	81	81	73	81	86	86	92	92	71	92	91	91	94	98	89	95	96	249
FLL-2R7P-0905-6-28	34	34	45	57	51	51	46	46	56	59	49	57	46	46	67	67	66	75	52	52	Unscorable	Unscorable	54	57	88	103	46	76	77	111	62	62	57	79	69	90	96	98	67	75	70	70	68	84	62	62	74	74	83	86	71	71	67	71	72	75	79	100	60	99	70	82	70	72	79	96	85	95	81	81	73	81	86	86	92	92	71	92	91	91	94	98	89	95	96	249
FLL-2W5G-0909-27-18	34	38	30	45	51	51	46	50	47	65	49	57	46	64	67	67	78	87	68	68	66	80	66	69	64	85	46	79	73	77	62	62	57	79	90	93	Unscorable	Unscorable	71	71	70	73	68	76	76	76	78	80	74	83	63	71	61	67	72	75	76	82	90	102	106	115	72	80	77	79	77	77	62	83	73	75	92	92	82	92	92	92	93	97	98	98	89	95	99	249
FLL-2Y5P-15-17	30	38	30	45	51	51	42	46	59	59	59	59	46	46	67	71	78	93	56	70	72	80	66	66	64	94	43	73	71	73	62	74	73	79	39	93	78	86	67	67	61	70	76	80	62	74	78	78	80	83	71	79	79	79	69	72	76	79	90	96	79	79	70	80	79	85	81	81	81	83	81	109	86	92	82	82	71	92	91	95	90	98	89	89	102	111
FLL-2Y5P-7-17	30	38	30	45	51	51	42	46	59	59	59	59	46	46	67	71	78	93	56	56	72	80	66	66	64	94	43	73	71	73	62	74	73	79	39	93	78	86	67	67	61	70	76	80	62	74	78	78	80	83	71	79	79	79	69	72	76	79	90	96	79	79	70	80	79	85	81	81	81	83	81	81	86	92	82	82	71	92	91	95	90	98	89	89	102	111
FLL-3B7B8K-1005-19-28	34	38	45	45	0	0	36	42	62	68	49	59	46	64	63	71	66	69	52	52	74	80	63	72	79	103	73	79	73	73	74	84	57	79	81	90	76	86	67	67	61	67	80	80	62	80	78	78	83	89	71	71	67	79	72	75	76	76	96	108	106	115	70	80	79	83	81	95	61	81	73	75	82	86	82	92	71	80	91	93	98	102	89	95	102	114
FLL-3B8K-1001-31-28	0	0	0	0	X	X	0	0	0	0	X	X	0	0	0	0	0	0	0	0	X	X	X	X	0	0	0	0	0	0	74	84	57	79	81	90	76	86	67	67	61	67	80	80	62	80	78	78	83	89	71	71	67	79	72	75	76	76	96	108	106	115	70	80	79	83	81	95	61	81	73	75	82	86	82	92	71	80	91	93	98	102	89	95	102	114
FLL-3B8W-0912-17-28	30	30	30	30	51	51	36	42	50	65	49	57	64	67	67	69	69	93	52	70	72	74	66	69	70	85	73	79	71	73	62	74	73	79	93	99	82	88	67	67	61	61	80	84	76	76	74	76	89	89	57	77	67	79	72	72	76	79	102	108	67	82	80	80	79	83	81	81	61	62	73	81	82	82	82	90	71	95	91	93	94	98	89	98	99	102
FLL-3B8W-1001-4-32	30	30	30	30	51	51	36	42	50	65	49	57	64	67	67	69	0	0	52	70	Unscorable	Unscorable	66	69	70	85	73	79	71	73	62	74	73	79	93	99	82	88	67	67	61	61	80	84	76	76	76	76	89	89	57	77	67	79	72	72	76	79	102	108	67	82	80	80	79	83	81	81	61	62	73	81	82	82	82	90	71	95	91	93	94	98	89	98	99	102
FLL-3G6B-0912-24-25	30	38	27	48	0	0	48	48	38	41	49	49	58	64	X	X	66	66	0	0	X	X	0	0	0	0	52	73	0	0	62	64	57	73	72	93	84	86	67	67	61	73	76	80	74	74	74	78	80	83	71	71	79	79	72	72	76	76	99	108	79	88	70	80	79	79	95	95	62	83	81	83	82	86	90	90	68	71	91	91	92	98	110	113	93	102
FLL-3O5W-1002-30-32	30	34	30	45	51	79	36	46	62	62	57	57	46	64	67	67	66	69	52	52	72	74	66	72	79	88	73	79	73	77	0	0	57	79	87	90	84	86	67	67	61	73	76	80	62	80	78	78	89	89	57	71	67	79	75	75	70	79	102	120	85	106	80	80	83	85	81	81	81	83	73	75	68	88	82	90	71	92	91	93	98	98	95	98	102	114
FLL-3O6V-1003-17-45	30	34	30	45	51	51	36	46	62	62	57	57	46	64	67	67	66	69	52	52	72	74	66	72	79	88	73	79	73	77	Unscorable	Unscorable	57	57	87	90	Unscorable	Unscorable	67	67	61	73	76	80	62	80	78	78	89	89	57	71	67	79	75	75	70	79	102	120	85	106	80	80	83	85	81	81	81	83	73	75	68	88	82	90	71	92	91	93	98	98	95	98	102	114
FLL-3W5Y6B-1001-11-32	34	34	39	45	51	51	36	42	62	68	45	45	55	61	71	71	75	81	56	74	74	80	51	66	64	88	46	79	71	77	0	0	57	79	39	90	0	0	69	71	61	61	84	88	62	74	0	0	83	89	69	71	0	0	72	75	70	79	102	102	79	82	70	80	85	96	77	101	81	81	81	83	0	0	82	92	71	92	93	93	Unscorable	Unscorable	98	98	102	249
FLL-3W6B-0910-15-35	34	34	39	45	51	51	36	42	62	68	45	45	55	61	71	71	75	81	56	74	74	80	51	66	64	88	46	79	71	77	74	74	57	79	39	90	70	72	71	71	61	61	84	88	62	74	74	78	83	89	69	71	79	79	72	75	70	79	102	102	79	82	70	80	85	96	77	101	81	81	81	83	82	86	82	92	71	92	93	93	94	98	98	98	102	249
FLL-4K8O-1003-18-29	34	38	45	51	77	79	36	58	56	59	45	49	46	61	63	67	60	66	52	70	72	76	66	72	88	94	73	79	71	77	62	62	73	79	87	90	76	76	67	71	58	70	76	80	76	80	78	78	80	89	71	71	67	67	66	72	70	79	96	105	85	85	70	80	83	96	77	77	61	81	81	87	66	86	92	92	71	95	83	91	90	98	89	95	90	123
FLL-4O7K-0910-34-40	30	30	45	45	51	51	36	36	59	62	45	59	67	85	67	71	72	78	52	52	66	80	63	72	94	94	52	79	71	77	62	74	59	79	75	93	70	76	67	67	61	61	76	76	62	76	78	78	68	83	77	79	79	79	57	75	76	79	69	108	82	82	80	80	79	79	0	0	62	81	73	73	82	86	82	82	92	92	0	0	92	92	95	98	99	99
FLL-4O7K-1001-3-32	30	30	45	117	51	51	36	58	59	62	45	59	67	85	Unscorable	Unscorable	72	78	52	70	Unscorable	Unscorable	63	72	94	94	52	79	71	77	62	74	59	79	75	93	70	76	67	67	61	61	76	76	62	76	78	78	68	83	77	79	79	81	57	75	76	79	69	108	82	82	80	80	79	79	79	101	62	81	73	73	0	0	82	82	92	92	79	91	92	100	95	98	99	99
FLL-4O8K-0909-25-19	30	38	45	51	51	51	36	42	47	59	45	57	46	67	63	65	60	66	52	52	80	82	66	69	76	85	46	52	77	77	0	0	57	73	75	93	Unscorable	Unscorable	67	71	61	61	76	80	62	74	0	0	86	89	71	77	0	0	72	72	64	76	108	108	79	82	70	80	81	87	77	77	83	83	73	87	88	88	92	92	71	86	71	85	0	0	86	95	96	123
FLL-4O8W-0911-29-22	30	38	45	51	51	51	36	42	47	59	45	57	46	67	63	65	60	66	52	52	80	82	66	69	76	85	46	52	77	77	62	74	57	73	75	93	50	88	67	71	61	61	76	80	62	74	78	80	86	89	71	77	67	79	72	72	64	76	108	108	79	82	70	80	81	87	77	77	83	83	73	87	88	88	92	92	71	86	71	85	98	104	86	95	96	123
FLL-4P5B-0909-30-19	30	34	48	51	47	51	36	42	56	68	49	57	64	64	67	71	60	81	52	68	74	80	63	66	64	94	46	79	77	77	0	0	0	0	39	81	0	0	0	0	61	67	0	0	0	0	0	0	0	0	0	0	0	0	60	72	0	0	60	69	79	79	0	0	0	0	0	0	61	81	0	0	0	0	0	0	0	0	0	0	0	0	0	0	93	99
FLL-4P8Y-0910-24-35	30	30	30	51	51	51	42	42	59	62	57	59	46	46	67	69	66	93	56	66	Unscorable	Unscorable	51	66	82	91	73	79	0	0	0	0	65	73	39	69	0	0	0	0	61	70	76	84	76	76	0	0	89	95	71	77	0	0	72	78	76	82	0	0	79	103	68	70	79	83	77	77	61	81	85	87	88	90	82	92	95	95	91	93	Unscorable	Unscorable	89	98	108	114
FLL-4P8Y-1001-5-32	30	30	30	51	51	51	42	42	59	62	57	59	46	46	67	71	66	93	56	66	74	80	51	66	82	91	73	79	77	77	64	74	65	73	39	69	70	86	67	71	61	70	76	84	76	76	78	82	89	95	71	77	67	79	72	78	76	82	96	99	79	103	68	70	79	83	77	77	61	81	87	87	0	0	82	92	95	95	91	93	98	98	89	98	108	114
FLL-4R5B-0910-13-36	30	34	48	51	47	51	36	42	56	68	49	57	64	64	67	71	60	81	52	68	74	80	63	66	64	94	46	79	77	77	62	64	73	73	39	81	78	78	67	67	61	67	76	84	74	80	74	78	74	89	71	77	67	83	60	72	79	79	60	69	79	79	72	80	79	83	77	81	61	81	73	81	82	92	82	90	71	71	91	91	98	98	89	98	93	99
FLL-4V6B-1001-20-29	30	38	27	48	51	51	48	58	38	41	49	59	58	64	67	71	66	96	68	68	74	80	63	66	76	85	52	73	69	71	62	64	57	73	72	93	86	86	67	67	61	73	76	80	74	74	74	78	80	83	71	71	79	79	72	72	76	76	99	108	79	88	70	80	79	79	95	95	62	83	81	83	82	86	90	90	68	71	91	91	92	98	110	113	93	102
FLL-4W5W6W8V-0912-30-26	34	38	39	45	51	77	42	46	47	62	49	59	46	64	67	71	60	66	52	66	72	74	51	69	79	82	46	52	71	73	62	62	79	79	69	93	72	78	67	71	61	61	76	84	74	80	80	82	74	89	71	77	67	81	75	78	79	85	102	114	103	103	80	80	85	90	81	81	81	83	87	87	88	92	82	92	80	92	91	93	94	94	95	116	89	99
FLL-4W6W-0910-10-37	34	38	39	45	51	77	42	46	47	62	49	59	46	64	67	71	60	66	52	52	Unscorable	Unscorable	51	69	79	82	46	52	71	73	62	84	79	79	69	93	72	78	67	71	61	61	76	84	74	80	82	82	74	89	71	77	67	81	75	78	79	85	102	114	103	103	80	80	85	90	81	81	81	83	87	87	88	92	82	92	80	92	91	93	94	94	95	116	89	99
FLL-4W7R-1001-14-32	38	38	30	45	0	0	0	0	0	0	0	0	46	64	0	0	0	0	52	52	0	0	0	0	0	0	0	0	0	0	74	74	57	79	84	96	78	86	67	71	61	70	66	80	62	76	78	78	74	86	77	79	67	81	72	72	70	79	114	120	79	115	68	80	79	85	77	81	62	83	73	83	0	0	82	82	68	71	93	93	92	98	86	92	105	114
FLL-4W7R-1004-10-44	38	38	30	45	51	77	48	54	59	62	57	59	46	64	67	71	66	96	52	52	74	74	66	69	76	79	73	79	71	73	74	74	57	79	84	96	78	88	67	71	61	70	66	80	62	76	78	78	74	86	77	79	67	81	72	72	70	79	114	120	79	115	68	80	79	85	77	81	62	83	73	83	88	88	82	82	68	71	93	93	92	98	86	92	105	114
FLL4G5G-20-31	34	38	30	45	51	51	46	50	47	65	49	57	46	64	67	67	78	87	68	68	66	80	66	69	64	85	46	79	73	77	62	62	57	79	90	93	82	88	71	71	70	73	68	76	76	76	78	80	74	83	63	71	61	67	72	75	76	82	90	102	106	115	72	80	77	79	77	77	62	83	73	75	92	92	82	92	92	92	93	97	98	98	89	95	99	249
FLL4K8O-14-32	34	38	45	51	77	79	36	58	56	59	45	49	46	61	63	67	60	66	52	70	72	76	66	72	88	94	73	79	71	77	62	62	73	79	87	90	76	76	67	71	58	70	76	80	76	80	78	78	80	89	71	71	67	67	66	72	70	79	96	105	85	85	70	80	83	96	77	77	61	81	81	87	66	86	92	92	71	95	83	91	90	98	89	95	90	123
MLL-1B7W-0910-27-37	30	34	27	48	51	51	36	48	62	62	57	69	46	85	63	67	48	66	64	68	62	74	63	66	82	85	46	73	71	77	62	84	57	57	75	84	78	86	67	67	61	61	68	80	62	62	74	78	74	83	63	71	67	79	72	78	76	79	102	102	67	82	68	68	79	96	81	83	61	61	73	73	68	92	92	92	71	92	91	93	98	110	89	98	99	102
MLL-1B7W-0912-13-28	30	34	27	48	51	51	36	48	62	62	57	69	46	85	63	67	48	66	64	68	62	74	63	66	82	85	46	73	71	77	62	84	57	57	75	84	78	86	67	67	61	61	68	80	62	62	74	78	74	83	63	71	67	79	72	78	76	79	102	102	67	82	68	68	79	96	81	83	61	61	73	73	68	92	92	92	71	92	91	93	98	110	89	98	99	102
MLL-1K50-0808-24-29	30	30	27	30	51	51	42	58	62	65	49	57	64	85	65	67	66	81	52	52	0	0	66	75	0	0	46	79	71	77	62	74	57	73	81	84	74	76	67	71	67	73	66	76	62	76	74	76	74	89	77	79	67	67	75	75	76	76	102	108	76	88	70	72	83	85	81	95	61	81	0	0	82	86	82	92	0	0	93	97	0	0	0	0	0	0
MLL-1K50-0808-24-29	X	X	X	X	X	X	X	X	X	X	X	X	X	X	X	X	X	X	X	X	X	X	X	X	X	X	X	X	X	X	X	X	X	X	X	X	X	X	X	X	X	X	X	X	X	X	X	X	X	X	X	X	X	X	X	X	X	X	X	X	X	X	X	X	X	X	X	X	X	X	X	X	X	X	X	X	X	X	X	X	X	X	X	X	X	X
MLL-1K7Ov2-0809-34-23	30	30	27	30	51	51	42	58	62	65	49	57	64	85	65	67	66	81	52	52	72	80	66	75	88	91	46	79	73	77	62	74	57	73	81	84	74	76	67	71	67	73	66	76	62	76	74	76	74	89	77	79	67	67	75	75	76	76	102	108	76	88	70	72	83	85	81	95	61	81	73	87	82	86	82	92	71	95	93	97	96	98	86	95	90	96
MLL-1K7V-1001-32-31	34	34	45	51	47	51	36	42	59	62	57	57	49	61	67	71	78	90	68	68	72	80	69	69	76	76	73	79	73	77	62	62	57	73	81	93	72	78	67	67	67	73	80	90	62	62	74	78	80	83	63	79	61	79	75	78	64	79	90	108	79	85	80	80	79	79	81	81	61	81	73	87	86	92	82	92	71	95	91	91	98	98	89	95	102	249
MLL-1O2O6W-1004-32-41	34	34	27	45	51	51	42	46	47	65	57	59	64	64	67	67	42	78	52	52	72	80	63	72	88	91	46	79	71	77	62	74	57	73	81	96	66	78	47	71	61	67	80	84	70	76	76	78	80	80	71	77	79	81	72	72	79	79	90	111	67	88	76	80	83	83	77	95	81	83	81	81	86	92	82	92	71	92	91	93	98	98	71	86	99	114
MLL-1O6W-1002-20-34	34	34	27	45	51	51	42	46	47	65	57	59	64	64	67	67	42	78	52	52	72	80	63	72	88	91	46	79	71	77	62	74	57	57	81	96	66	78	47	47	61	67	80	84	70	76	0	0	80	80	71	77	79	79	72	72	79	79	90	111	67	67	76	80	83	83	77	95	81	83	81	81	86	92	82	92	71	92	91	93	96	98	71	86	99	114
MLL-1O7B-0809-20-33	38	38	45	51	51	51	36	46	59	68	49	49	49	64	67	71	75	78	52	68	72	80	63	69	70	76	46	79	71	77	62	62	57	73	81	81	72	78	67	67	61	70	80	84	62	62	76	78	83	92	63	71	61	67	66	75	79	82	60	108	79	79	70	80	79	79	81	81	61	81	87	87	88	92	90	92	92	95	91	93	96	98	95	95	108	249
MLL-1P4P5W6B-1006-28-21	30	38	45	45	51	51	36	42	59	62	59	59	46	64	67	67	42	42	52	52	80	80	57	72	82	88	73	73	77	77	62	62	57	57	78	108	70	76	71	71	61	61	76	76	76	76	78	80	89	89	77	79	67	67	72	72	64	76	102	114	79	88	72	72	83	83	81	81	61	61	73	81	68	88	82	82	71	92	91	93	94	108	101	104	96	99
MLL-1P5W-1004-3-42	30	38	45	45	51	51	36	42	59	62	59	59	46	64	67	67	42	93	52	52	80	80	57	72	82	88	73	73	77	77	62	62	57	57	78	108	70	76	71	71	61	61	76	76	76	76	78	80	89	89	77	79	67	67	72	72	64	76	0	0	79	88	72	72	83	111	81	81	61	61	73	81	68	88	82	82	71	92	91	93	94	108	101	104	96	99
MLL-2B6P-0909-13-21	30	38	27	27	51	51	36	48	56	62	57	59	61	85	67	67	48	93	52	64	72	74	66	72	85	97	46	79	71	77	62	74	57	79	81	84	70	78	67	67	61	61	68	88	62	76	78	78	74	89	63	71	79	79	66	72	76	82	69	102	67	79	68	80	79	79	81	85	61	81	73	83	82	92	82	92	80	92	91	91	98	100	89	95	99	123
MLL-2B6P-7-18	30	38	27	27	51	51	36	48	56	62	57	59	61	85	67	67	48	48	52	64	72	74	66	72	85	97	46	79	71	77	62	74	57	57	81	84	70	78	67	67	61	61	68	68	62	76	78	78	74	89	63	71	79	81	66	72	76	82	69	102	67	79	68	80	79	79	81	85	61	81	73	83	82	92	82	92	80	92	91	91	98	100	89	95	99	123
MLL-2K5G-0910-28-37	30	30	30	42	51	51	36	58	59	68	49	63	61	61	67	71	42	42	52	68	72	72	63	66	70	85	73	79	73	77	62	62	57	73	72	108	82	82	67	69	67	67	76	76	62	76	78	80	74	86	79	79	67	67	72	72	76	76	69	102	88	88	80	80	83	87	79	81	81	83	73	81	82	82	82	92	71	95	91	93	92	108	92	98	102	102
MLL-2K5G-1001-1-32	30	30	30	42	51	51	36	36	59	68	49	63	61	61	67	71	42	42	52	68	72	72	63	66	70	85	73	79	73	77	62	62	57	73	72	108	82	82	67	69	67	67	76	76	62	76	78	80	74	86	79	79	67	67	72	72	76	76	69	102	88	88	80	80	83	87	79	81	81	83	73	81	82	82	82	92	71	95	91	93	92	108	92	98	102	102
MLL-2K5Y-0911-26-23	34	38	27	45	51	51	42	58	59	62	49	57	55	64	67	71	66	66	52	52	72	74	60	66	70	106	73	73	77	77	74	74	73	79	75	84	66	66	67	67	58	58	80	80	62	80	78	78	80	89	71	77	79	81	72	72	76	79	90	102	85	97	70	72	79	79	77	77	81	83	87	87	0	0	82	82	80	95	91	91	94	100	71	95	102	105
MLL-2K7V-0911-5-24	34	34	45	51	47	51	36	42	59	62	57	57	49	61	0	0	78	90	68	68	0	0	69	69	76	76	73	79	0	0	62	62	57	73	81	93	72	78	67	67	67	73	80	90	62	62	74	78	80	83	63	79	61	79	75	78	64	79	90	108	79	85	80	80	79	79	81	81	61	81	73	87	86	92	82	92	71	95	91	91	98	98	89	95	102	249
MLL-2O7G-0810-24-48	38	38	0	0	51	51	36	46	59	68	49	49	49	64	67	71	75	78	52	68	72	80	63	69	70	76	46	79	71	77	62	62	57	73	81	81	72	74	67	67	61	70	80	84	62	62	76	78	83	92	63	71	61	67	66	75	79	82	60	108	79	79	70	80	79	79	81	81	61	81	87	87	88	92	90	92	92	95	91	93	98	98	95	95	108	249
MLL-2R5P-0906-18-17	30	30	27	27	51	51	48	48	56	59	49	59	46	85	69	71	48	48	68	68	72	74	63	81	88	94	46	79	77	77	X	X	X	X	0	0	0	0	X	X	X	X	0	0	0	0	0	0	X	X	0	0	X	X	X	X	X	X	X	X	X	X	70	80	85	85	81	81	61	61	73	81	82	86	0	0	92	92	0	0	90	94	98	98	102	102
MLL-2R5P-0909-10-21	30	30	27	27	0	0	48	48	56	59	49	59	46	85	0	0	0	0	68	68	72	74	63	81	0	0	46	79	0	0	62	74	73	79	78	90	72	72	67	67	61	67	68	68	62	62	74	78	74	86	71	71	79	81	72	75	82	82	96	114	85	85	70	80	85	85	81	85	61	61	73	81	82	86	92	92	92	92	91	93	90	94	98	98	102	102
MLL-2W4W-0912-6-27	38	38	45	48	51	77	42	46	53	59	57	59	46	64	63	67	66	87	70	72	72	78	60	66	94	94	46	79	71	71	74	74	73	79	75	99	66	70	67	71	67	67	76	80	70	76	74	78	89	89	57	79	67	71	72	72	76	79	96	96	79	85	68	80	79	87	81	81	61	81	73	81	86	86	90	92	92	95	0	0	94	98	89	98	93	123
MLL-3G8W-0910-29-38	34	38	27	45	51	51	42	58	59	62	49	57	55	64	67	71	66	66	52	72	72	74	60	66	70	106	73	73	77	77	74	74	73	79	75	84	66	66	67	67	58	58	80	80	62	80	78	78	80	89	71	77	79	81	72	72	76	79	90	102	85	97	70	72	79	111	77	77	81	83	87	87	92	92	82	82	80	95	91	91	94	100	71	95	102	105
MLL-3K7R-0908-29-44	38	38	27	27	51	51	58	58	62	65	49	57	61	64	65	67	66	78	52	56	76	80	63	66	70	88	73	79	71	77	74	74	73	79	39	81	50	70	47	47	58	73	80	80	62	62	76	78	80	89	71	79	67	67	72	72	64	76	93	117	79	88	80	80	83	83	77	77	81	83	81	81	0	0	82	82	71	95	83	97	98	98	71	86	105	114
MLL-3K8V-1001-22-30	38	38	27	27	51	51	58	58	65	65	49	57	61	64	65	67	0	0	52	56	0	0	63	66	0	0	73	79	0	0	72	74	73	79	39	81	50	70	47	47	58	73	80	80	62	62	76	78	80	89	71	79	67	67	72	72	64	76	93	117	79	88	80	80	83	113	77	77	81	83	81	81	0	0	82	82	71	95	83	97	98	98	71	86	105	114
MLL-4O6R-1003-26-48	30	38	48	51	51	51	36	50	47	68	57	59	61	64	67	71	66	84	56	56	66	80	63	63	85	88	52	52	71	77	62	72	67	73	75	93	72	84	67	67	61	67	68	80	62	76	74	74	89	89	71	79	67	67	72	96	64	79	108	108	79	82	72	80	79	79	77	81	83	83	73	81	82	82	82	92	80	92	91	93	94	100	89	98	89	123
MLL-4W7G-1002-28-35	38	38	45	48	51	77	42	46	53	59	57	59	46	64	63	67	66	87	70	72	72	78	60	66	94	94	46	79	71	71	74	74	73	79	75	99	66	70	67	71	67	67	76	80	70	76	74	78	89	89	57	79	67	71	72	72	76	79	96	96	79	85	68	80	79	87	81	81	61	81	73	81	86	86	90	92	92	95	93	97	94	98	89	98	93	123
MLL-4Y6R-1004-27-43	30	38	48	51	51	51	36	50	47	68	57	59	61	64	Unscorable	Unscorable	66	84	56	56	66	80	63	63	85	88	52	52	71	77	62	72	67	73	75	93	72	84	67	67	61	67	68	80	62	76	74	74	89	89	71	79	67	67	72	96	64	79	108	108	79	82	72	80	79	79	77	81	83	83	73	81	82	82	82	92	80	92	91	93	94	100	89	98	89	123
MLL-5P6P-0910-33-40	30	38	30	45	51	51	42	46	50	59	57	59	46	46	67	71	66	66	52	68	0	0	63	69	64	94	46	73	71	71	74	74	73	79	75	96	66	78	71	71	61	70	80	80	76	76	74	74	80	86	57	79	67	79	72	72	70	79	102	108	82	115	70	72	79	83	81	81	61	61	81	81	84	88	0	0	92	92	0	0	0	0	86	98	93	105
MLL-5P6P-6-18	30	38	30	45	51	51	42	46	50	59	57	59	46	46	0	0	66	66	52	52	74	74	63	69	64	94	46	73	71	71	74	74	73	79	75	96	66	78	71	71	61	70	80	80	76	76	74	74	80	86	57	79	67	79	72	72	70	79	102	108	82	115	70	72	79	83	81	81	61	61	81	81	84	88	90	90	92	92	91	93	98	110	86	98	93	105
MLL-6K7W-0911-30-17	30	30	45	51	51	51	42	42	62	62	57	69	46	64	67	69	72	78	52	68	80	80	69	84	82	94	52	73	73	73	74	74	57	79	54	60	70	74	67	67	61	61	76	80	62	62	74	78	83	89	57	79	79	81	75	78	76	85	105	114	79	85	72	72	85	85	81	81	81	85	73	73	82	86	92	92	92	95	97	97	98	104	89	98	111	111
